76,76,76,76,76,76,76,76,76,76,76,76,76,76,76,76,76,76,76,76
76,76,76,76,76,76,76,76,76,76,76,76,76,76,76,76,76,76,76,76
76,76,76,76,76,76,76,76,76,76,76,76,76,76,76,76,76,76,76,76
76,76,76,76,76,76,76,76,76,76,76,76,76,76,76,76,76,76,76,76
76,76,76,76,76,76,76,76,76,76,76,76,76,76,76,76,76,76,76,76
76,76,76,76,76,76,76,76,76,76,76,76,76,76,76,76,76,76,76,76
76,76,76,76,76,76,76,76,76,76,76,76,76,76,76,76,76,76,76,76
76,76,76,76,76,76,76,76,76,76,76,76,76,76,76,76,76,76,76,76
76,76,76,76,76,76,76,76,76,76,76,76,76,76,76,76,76,76,76,76
76,76,76,76,76,76,76,76,76,76,76,76,76,76,76,76,76,76,76,76
76,76,76,76,76,76,76,76,76,76,76,76,76,76,76,76,76,76,76,76
76,76,76,76,76,76,76,76,76,76,76,76,76,76,76,76,76,76,76,76
76,76,76,76,76,76,76,76,76,76,76,76,76,76,76,76,76,76,76,76
76,76,76,76,76,76,76,76,76,76,76,76,76,76,76,76,76,76,76,76
76,76,76,76,76,76,76,76,76,76,76,76,76,76,76,76,76,76,76,76
76,76,76,76,76,76,76,76,76,76,76,76,76,76,76,76,76,76,76,76
76,76,76,76,76,76,76,76,76,76,76,76,76,76,76,76,76,76,76,76
76,76,76,76,76,76,76,76,76,76,76,76,76,76,76,76,76,76,76,76
76,76,76,76,76,76,76,76,76,76,76,76,76,76,76,76,76,76,76,76
76,76,76,76,76,76,76,76,76,76,76,76,76,76,76,76,76,76,76,76
76,76,76,76,76,76,76,76,76,76,76,76,76,76,76,76,76,76,76,76
76,76,76,76,76,76,76,76,76,76,76,76,76,76,76,76,76,76,76,76
76,76,76,76,76,76,76,76,76,76,76,76,76,76,76,76,76,76,76,76
76,76,76,76,76,76,76,76,76,76,76,76,76,76,76,76,76,76,76,76
76,76,76,76,76,76,76,76,76,76,76,76,76,76,76,76,76,76,76,76
76,76,76,76,76,76,76,76,76,76,76,76,76,76,76,76,76,76,76,76
76,76,76,76,76,76,76,76,76,76,76,76,76,76,76,76,76,76,76,76
76,76,76,76,76,76,76,76,76,76,76,76,76,76,76,76,76,76,76,76
76,76,76,76,76,76,76,76,76,76,76,76,76,76,76,76,76,76,76,76
76,76,76,76,76,76,76,76,76,76,76,76,76,76,76,76,76,76,76,76
76,76,76,76,76,76,76,76,76,76,76,76,76,76,76,76,76,76,76,76
76,76,76,76,76,76,76,76,76,76,76,76,76,76,76,76,76,76,76,76
76,76,76,76,76,76,76,76,76,76,76,76,76,76,76,76,76,76,76,76
76,76,76,76,76,76,76,76,76,76,76,76,76,76,76,76,76,76,76,76
76,76,76,76,76,76,76,76,76,76,76,76,76,76,76,76,76,76,76,76
[METADATA]
