87,80,87,78,78,78,78,78,78,78,78,78,78,95,72,95,0,0,0,0
101,87,80,0,0,0,0,0,0,0,0,0,0,93,0,72,95,0,0,0
101,101,0,0,0,0,0,0,0,0,0,0,0,72,78,95,72,95,0,0
101,101,0,0,0,0,0,0,0,0,0,0,0,0,0,72,95,72,0,78
101,101,0,0,0,0,0,0,0,0,0,0,0,0,0,0,72,95,0,0
101,101,0,0,0,71,79,0,0,0,0,0,0,0,0,0,0,93,0,0
101,101,0,0,0,93,88,79,0,0,0,0,0,0,0,0,0,93,0,0
101,101,0,0,71,96,0,88,79,0,0,0,0,0,0,0,71,96,0,0
101,101,0,0,93,0,0,0,88,79,0,0,0,0,0,0,93,0,0,0
80,101,0,0,93,0,0,0,0,88,77,79,0,0,0,0,0,0,0,0
0,101,0,71,96,0,0,0,0,0,0,88,79,0,0,0,0,0,0,0
87,80,0,93,0,0,0,71,77,79,0,0,88,77,79,0,94,0,0,0
101,0,0,93,0,0,0,93,0,88,79,0,0,0,88,77,79,0,0,0
101,0,0,72,95,0,71,96,0,0,101,0,0,0,0,0,88,77,77,77
101,0,0,0,93,0,93,0,0,0,88,0,0,79,0,0,0,0,0,0
101,0,0,0,93,0,93,0,0,0,0,0,0,88,77,77,77,77,79,0
88,79,0,0,93,0,72,95,0,0,0,0,0,0,0,0,0,0,88,77
79,101,0,0,93,0,0,72,95,0,0,0,0,0,0,0,0,0,0,0
101,101,0,0,72,95,0,0,72,95,0,0,0,0,0,0,0,0,0,0
101,101,0,0,0,93,0,0,0,72,95,0,0,0,0,0,0,0,0,0
101,101,0,0,0,72,95,0,0,0,93,0,0,0,0,0,0,0,0,0
101,101,0,0,0,0,93,0,0,0,72,95,0,0,0,0,0,87,78,78
80,101,0,0,0,0,72,95,0,0,0,72,78,95,0,0,87,80,0,87
0,101,0,0,0,0,0,72,95,0,0,0,0,72,78,78,80,0,87,80
0,101,0,0,0,0,0,0,72,78,95,0,0,0,0,0,0,87,80,0
79,88,79,0,0,0,0,0,0,0,72,78,95,0,0,0,87,80,0,71
101,0,101,0,0,0,0,0,0,0,0,0,72,78,0,78,80,0,0,93
88,79,88,79,0,0,0,0,0,0,0,0,0,0,0,0,0,0,0,93
79,101,0,101,0,0,0,0,0,0,0,0,0,0,0,0,0,0,0,93
101,88,79,88,79,0,0,0,0,0,0,0,0,0,0,0,0,0,0,93
88,79,101,0,88,79,0,0,0,0,0,0,0,0,0,0,0,0,71,96
0,101,88,79,0,88,79,0,0,0,0,0,0,0,0,0,0,0,93,0
79,88,79,101,0,0,88,79,0,0,0,0,0,0,0,0,71,77,96,71
88,79,101,88,79,0,0,88,79,0,0,0,71,77,77,77,96,71,77,96
0,101,88,79,88,77,77,79,88,77,77,77,96,71,77,77,77,96,0,0
[METADATA]
