110,113,112,115,110,113,0,111,114,0,110,113,0,111,114,110,113,112,115,110,113,112,115,0,111,114,0,0,0,0,0,0,0,0,0,0,0,0,0,0
111,114,0,0,111,114,0,112,115,0,111,114,0,112,115,111,114,0,0,111,114,0,110,113,112,115,0,0,0,0,0,0,0,0,0,0,0,0,0,0
112,115,0,0,112,115,0,0,0,0,112,115,0,0,0,112,115,0,0,112,115,0,111,114,0,110,113,0,0,0,0,0,0,0,0,0,0,0,0,0
0,0,0,0,0,0,0,0,0,0,0,0,0,0,0,0,0,0,0,0,0,0,112,115,0,111,114,0,0,0,0,0,0,0,0,0,0,0,0,0
0,0,0,0,0,0,0,0,0,0,0,0,0,0,0,0,0,0,0,0,0,0,0,0,0,112,115,0,0,0,0,0,0,0,0,0,0,0,0,0
0,0,0,0,0,0,0,0,0,0,110,113,0,0,110,113,0,0,0,0,0,0,0,0,0,0,0,0,0,0,0,0,0,0,0,0,0,0,0,0
0,110,113,0,0,110,113,0,110,113,111,114,110,113,111,114,0,0,110,113,0,0,0,0,0,0,0,0,0,0,0,0,0,0,0,0,0,0,0,0
0,111,114,110,113,111,114,0,111,114,112,115,111,114,112,115,0,0,111,114,0,110,113,0,0,0,0,0,0,0,0,0,0,0,0,0,0,0,0,0
0,112,115,111,114,112,115,0,112,115,110,113,112,115,0,0,110,113,112,115,0,111,114,0,110,113,0,0,0,0,0,0,0,0,0,0,0,0,0,0
0,0,0,112,115,0,110,113,0,0,111,114,0,0,0,0,111,114,0,110,113,112,115,0,111,114,0,0,0,0,0,0,0,0,0,0,0,0,0,0
[METADATA]
