181,181,181,181,181,181,181,181,181,140,140,140,140,140,140,140,140,181,181,181,181,181,181,181,181,181,181,181,181,181,181,181,181,181,181,181,181,181,181,181,181,181,181,181,181,181,181,181,181,181
181,181,181,181,181,181,181,181,181,140,140,140,140,140,140,140,140,181,181,181,181,181,181,181,181,181,181,181,181,181,181,181,181,181,181,181,181,181,181,181,181,181,181,181,181,181,181,181,181,181
181,181,181,181,181,181,181,181,181,140,140,140,140,140,140,140,140,181,181,181,181,181,181,181,181,181,181,181,181,181,181,181,181,181,181,181,181,181,181,181,181,181,181,181,181,181,181,181,181,181
181,181,181,181,181,181,181,181,181,181,140,140,140,140,140,140,140,140,181,181,181,181,181,181,181,181,181,181,181,181,181,181,181,181,181,181,181,181,181,181,181,181,181,181,181,181,181,181,181,181
181,181,181,181,181,181,181,181,181,181,140,140,140,140,140,140,140,140,181,181,181,181,181,181,181,181,181,181,181,181,181,181,181,181,181,181,181,181,181,181,181,181,181,181,181,181,181,181,181,181
181,181,181,181,181,181,181,181,181,181,140,140,140,140,140,140,140,140,140,140,140,181,181,181,181,181,181,181,181,181,181,181,181,181,181,181,181,181,181,181,181,181,181,181,181,181,181,181,181,181
181,181,181,181,181,181,181,181,181,181,140,140,140,140,140,140,140,140,140,140,140,140,181,181,181,181,181,181,181,181,181,181,181,181,181,181,181,181,181,181,181,181,181,181,181,181,181,181,181,181
181,181,181,181,181,181,181,181,181,181,140,140,140,140,140,140,140,140,140,140,140,140,140,181,181,181,181,181,181,181,181,181,181,181,181,181,181,181,181,181,181,181,181,181,181,181,181,181,181,181
181,181,181,181,181,181,181,181,181,181,140,140,140,140,140,140,140,140,140,140,140,140,140,140,181,181,181,181,181,181,181,181,181,181,181,181,181,181,181,181,181,181,181,181,181,181,181,181,181,181
181,181,181,181,181,181,181,181,181,140,140,140,140,140,140,140,140,140,140,140,140,140,140,140,182,182,182,182,182,182,182,182,182,182,182,182,182,182,182,182,182,182,182,182,182,182,182,182,182,182
181,181,181,181,181,181,181,181,181,140,140,140,140,140,140,140,140,140,140,140,140,140,140,140,140,140,140,140,140,140,140,140,140,140,140,140,140,140,140,140,140,140,140,140,140,140,140,140,140,140
181,181,181,181,181,181,181,181,181,140,140,140,140,140,140,140,140,140,140,140,140,140,140,140,180,180,180,180,180,180,180,180,180,180,180,180,180,180,180,180,180,180,180,180,180,180,180,180,180,180
181,181,181,181,181,181,181,181,181,140,140,140,140,140,140,140,140,140,140,140,140,140,140,140,181,181,181,181,181,181,181,181,181,181,181,181,181,181,181,181,181,181,181,181,181,181,181,181,181,181
181,181,181,181,181,181,181,181,181,181,140,140,140,140,140,140,140,140,140,140,140,140,140,181,181,181,181,181,181,181,181,181,181,181,181,181,181,181,181,181,181,181,181,181,181,181,181,181,181,181
181,181,181,181,181,181,181,181,181,181,140,140,140,140,140,140,140,140,140,140,140,140,140,181,181,181,181,181,181,181,181,181,181,181,181,181,181,181,181,181,181,181,181,181,181,181,181,181,181,181
181,181,181,181,181,181,181,181,181,181,140,140,140,140,140,140,140,140,140,140,140,140,181,181,181,181,181,181,181,181,181,181,181,181,181,181,181,181,181,181,181,181,181,181,181,181,181,181,181,181
181,181,181,181,181,181,181,181,181,181,181,140,140,140,140,140,140,140,140,140,181,181,181,181,181,181,181,181,181,181,181,181,181,181,181,181,181,181,181,181,181,181,181,181,181,181,181,181,181,181
181,181,181,181,181,181,181,181,181,181,181,140,140,140,140,140,140,140,140,181,181,181,181,181,181,181,181,181,181,181,181,181,181,181,181,181,181,181,181,181,181,181,181,181,181,181,181,181,181,181
181,181,181,181,181,181,181,181,181,181,181,140,140,140,140,140,140,140,181,181,181,181,181,181,181,181,181,181,181,181,181,181,181,181,181,181,181,181,181,181,181,181,181,181,181,181,181,181,181,181
181,181,181,181,181,181,181,181,181,181,181,140,140,140,140,140,181,181,181,181,181,181,181,181,181,181,181,181,181,181,181,181,181,181,181,181,181,181,181,181,181,181,181,181,181,181,181,181,181,181
181,181,181,181,181,181,181,181,181,181,181,140,140,140,140,140,181,181,181,181,181,181,181,181,181,181,181,181,181,181,181,181,181,181,181,181,181,181,181,181,181,181,181,181,181,181,181,181,181,181
181,181,181,181,181,181,181,181,181,181,181,140,140,140,140,181,181,181,181,181,181,181,181,181,181,181,181,181,181,181,181,181,181,181,181,181,181,181,181,181,181,181,181,181,181,181,181,181,181,181
181,181,181,181,181,181,181,181,181,181,181,140,140,140,173,181,181,181,181,181,181,181,181,181,181,181,181,181,181,181,181,181,181,181,181,181,181,181,181,181,181,181,181,181,181,181,181,181,181,181
181,181,181,181,181,181,181,181,181,181,181,140,140,140,173,181,181,181,181,181,181,181,181,181,181,181,181,181,181,181,181,181,181,181,181,181,181,181,181,181,181,181,181,181,181,181,181,181,181,181
181,181,181,181,181,181,181,181,181,181,181,140,140,140,173,181,181,181,181,181,181,181,181,181,181,181,181,140,181,181,181,181,181,181,181,181,181,181,181,181,181,181,181,181,181,181,181,181,181,181
181,181,181,181,181,181,181,181,181,181,181,140,140,140,173,181,181,181,181,181,181,181,181,181,181,181,181,140,140,140,181,181,181,181,181,181,181,181,181,181,181,181,181,181,181,181,181,181,181,181
181,181,181,181,181,181,181,181,181,181,181,140,140,140,173,181,181,181,181,181,181,181,181,181,181,181,181,140,140,140,140,140,140,140,140,140,140,140,140,140,140,140,181,181,181,181,181,181,181,181
181,181,181,181,181,181,181,181,181,181,140,140,140,140,173,181,181,181,181,181,181,181,181,181,181,181,181,140,140,140,140,140,140,140,140,140,140,140,140,140,140,140,140,140,140,140,140,140,140,140
181,181,181,181,181,181,181,181,181,181,140,140,140,140,173,181,181,181,181,181,181,181,181,181,181,181,181,140,140,140,140,140,140,140,140,140,140,140,140,140,140,140,140,140,140,140,140,140,140,140
181,181,181,181,181,181,181,181,181,181,140,140,140,140,173,181,181,181,181,181,181,181,181,181,181,181,181,140,140,181,181,140,140,140,140,140,140,140,140,140,140,140,140,140,140,140,140,140,140,140
181,181,181,181,181,181,181,181,181,181,140,140,140,140,173,181,181,181,181,181,181,181,181,181,181,181,181,140,140,181,181,181,140,140,140,140,181,181,181,181,181,181,181,181,181,181,181,181,181,181
181,181,181,181,181,181,181,181,181,181,140,140,140,140,173,181,181,181,181,181,181,181,181,181,181,181,181,140,181,181,181,181,181,140,140,140,181,181,181,181,181,181,181,181,181,181,181,181,181,181
181,181,181,181,181,181,181,181,181,181,140,140,140,140,173,181,181,181,181,181,181,181,181,181,181,181,181,181,181,181,181,181,181,140,140,140,181,181,181,181,181,181,181,181,181,181,181,181,181,181
181,181,181,181,181,181,181,181,181,181,181,140,140,140,173,181,181,181,181,181,181,181,181,181,181,181,181,181,181,181,181,181,181,140,140,140,181,181,181,181,181,181,181,181,181,181,181,181,181,181
181,181,181,181,181,181,181,181,181,181,181,140,140,140,173,181,181,181,181,181,181,181,181,181,181,181,181,181,181,181,181,181,181,202,202,202,181,181,181,181,181,181,181,181,181,181,181,181,181,181
181,181,181,181,181,181,181,181,181,181,181,140,140,140,174,191,181,181,181,181,181,181,181,181,181,181,181,181,181,181,181,181,181,189,140,173,181,181,181,181,181,181,181,181,181,181,181,181,181,181
181,181,181,181,181,181,181,181,181,181,181,181,140,140,140,173,181,181,181,181,181,181,181,181,181,181,181,181,181,181,181,181,181,189,140,173,181,181,181,181,181,181,181,181,181,181,181,181,181,181
181,181,181,181,181,181,181,181,181,181,181,181,140,140,140,173,181,181,181,181,181,181,181,181,181,181,181,183,182,182,182,182,182,190,140,173,181,181,181,181,181,181,181,181,181,181,181,181,181,181
181,181,181,181,181,181,181,181,181,181,181,181,140,140,140,173,181,181,183,182,182,182,182,182,182,182,182,190,140,140,140,140,140,140,140,174,191,181,181,181,181,181,181,181,181,181,181,181,181,181
181,181,181,181,181,181,181,181,181,181,181,181,140,140,140,174,182,182,190,140,140,140,140,140,140,140,140,140,140,140,140,140,140,140,140,140,174,182,182,182,182,182,182,182,182,182,182,182,182,182
181,181,181,181,181,181,181,181,181,181,181,181,140,140,140,140,140,140,140,140,140,140,140,140,140,140,140,140,140,140,140,140,140,140,140,140,140,140,140,140,140,140,140,140,140,140,140,140,140,140
181,181,181,181,181,181,181,181,181,181,181,181,140,140,140,140,140,140,140,140,140,140,140,140,140,140,140,140,140,140,140,140,140,140,140,140,140,140,140,140,140,140,140,140,140,140,140,140,140,140
181,181,181,181,181,181,181,181,181,181,181,181,140,140,140,140,140,140,140,140,140,140,140,140,140,140,140,140,140,140,140,140,140,140,140,140,140,140,140,140,140,140,140,140,140,140,140,140,140,140
181,181,181,181,181,181,181,181,181,181,181,181,140,140,140,140,140,140,140,140,140,140,140,140,140,140,140,140,140,140,140,140,140,140,140,140,140,140,140,140,140,140,140,140,140,140,140,140,140,140
181,181,181,181,181,181,181,181,181,181,181,181,140,140,140,140,140,140,140,140,140,140,140,140,140,140,140,140,140,140,140,140,140,140,140,140,140,140,140,140,140,140,140,140,140,140,140,140,140,140
181,181,181,181,181,181,181,181,181,181,181,181,140,140,140,140,140,140,140,140,140,140,140,140,140,140,140,140,140,140,140,140,140,140,140,140,140,140,140,140,140,140,140,140,140,140,140,140,140,140
181,181,181,181,181,181,181,181,181,181,181,181,140,140,140,140,140,140,140,140,140,140,140,140,140,140,140,140,140,140,140,140,140,140,140,140,140,140,140,140,140,140,140,140,140,140,140,140,140,140
181,181,181,181,181,181,181,181,181,181,181,181,140,140,140,140,140,140,140,140,140,140,140,140,140,140,140,140,140,140,140,140,140,140,140,140,140,140,140,140,140,140,140,140,140,140,140,140,140,140
181,181,181,181,181,181,181,181,181,181,181,181,140,140,140,140,140,140,140,140,140,140,140,140,140,140,140,140,140,140,140,140,140,140,140,140,140,140,140,140,140,140,140,140,140,140,140,140,140,140
181,181,181,181,181,181,181,181,181,181,181,181,140,140,140,140,140,140,140,140,140,140,140,140,140,140,140,140,140,140,140,140,140,140,140,140,140,140,140,140,140,140,140,140,140,140,140,140,140,140
181,181,181,181,181,181,181,181,181,181,181,181,140,140,140,140,140,140,140,140,140,140,140,140,140,140,140,140,140,140,140,140,140,140,140,140,140,140,140,140,140,140,140,140,140,140,140,140,140,140
181,181,181,181,181,181,181,181,181,181,181,181,140,140,140,140,140,140,140,140,140,140,140,140,140,140,140,140,140,140,140,140,140,140,140,140,140,140,140,140,140,140,140,140,140,140,140,140,140,140
181,181,181,181,181,181,181,181,181,181,181,181,140,140,140,140,140,140,140,140,140,140,140,140,140,140,140,140,140,140,140,140,140,140,140,140,140,140,140,140,140,140,140,140,140,140,140,140,140,140
181,181,181,181,181,181,181,181,181,181,181,181,140,140,140,140,140,140,140,140,140,140,140,140,140,140,140,140,140,140,140,140,140,140,140,140,140,140,140,140,140,140,140,140,140,140,140,140,140,172
181,181,181,181,181,181,181,181,181,181,181,181,140,140,140,140,140,140,140,140,140,140,140,140,140,140,140,140,140,140,140,140,140,140,140,140,140,140,140,140,140,140,140,140,140,140,140,140,172,192
181,181,181,181,181,181,181,181,181,181,181,181,140,140,140,140,140,140,140,140,140,140,140,140,140,140,140,140,140,140,140,140,140,140,140,140,140,140,140,140,140,140,140,140,140,140,140,172,192,181
181,181,181,181,181,181,181,181,181,181,181,181,140,140,140,140,140,140,140,140,140,140,140,140,140,140,140,140,140,140,140,140,140,140,140,140,140,140,140,140,140,140,140,140,140,140,172,192,181,181
181,181,181,181,181,181,181,181,181,181,181,181,140,140,140,140,140,140,140,140,140,140,140,140,140,140,140,140,140,140,140,140,140,140,140,140,140,140,140,140,140,140,140,140,140,140,173,181,181,181
181,181,181,181,181,181,181,181,181,181,181,181,140,140,140,140,140,140,140,140,140,140,140,140,140,140,140,140,140,140,140,140,140,140,140,140,140,140,140,140,140,140,140,140,140,140,173,181,181,181
181,181,181,181,181,181,181,181,181,181,181,181,140,140,140,140,140,140,140,140,140,140,140,140,140,140,140,140,140,140,140,140,140,140,140,140,140,140,140,140,140,140,140,140,140,140,173,181,181,181
181,181,181,181,181,181,181,181,181,181,181,140,140,140,140,140,140,140,140,140,140,140,140,140,140,140,140,140,140,140,140,140,140,140,140,140,140,140,140,140,140,140,140,140,140,140,173,181,181,181
181,181,181,181,181,181,181,181,181,181,181,140,140,140,140,140,140,140,140,140,140,140,140,140,140,140,140,140,140,140,140,140,140,140,140,140,140,140,140,140,140,140,140,140,140,140,174,191,181,181
181,181,181,181,181,181,181,181,181,181,181,140,140,140,140,140,140,140,140,140,140,140,140,140,140,140,140,140,140,140,140,140,140,140,140,140,140,140,140,140,140,140,140,140,140,140,140,174,191,181
181,181,181,181,181,181,181,181,181,181,181,140,140,140,140,140,140,140,140,140,140,140,140,140,140,140,140,140,140,140,140,140,140,140,140,140,140,140,140,140,140,140,140,140,140,140,140,140,174,191
181,181,181,181,181,181,181,181,181,181,181,140,140,140,140,140,140,140,140,140,140,140,140,140,140,140,140,140,140,140,140,140,140,140,140,140,140,140,140,140,140,140,140,140,140,140,140,140,140,140
181,181,181,181,181,181,181,181,181,181,181,140,140,140,140,140,140,140,140,140,140,140,140,140,140,140,140,140,140,140,140,140,140,140,140,140,140,140,140,140,140,140,140,140,140,140,140,140,140,140
181,181,181,181,181,181,181,181,181,181,181,140,140,140,140,140,140,140,140,140,140,140,140,140,140,140,140,140,140,140,140,140,140,140,140,140,140,140,140,140,140,140,140,140,140,140,140,140,140,140
181,181,181,181,181,181,181,181,181,181,140,140,140,140,140,140,140,140,140,140,140,140,140,140,140,140,140,140,140,140,140,140,140,140,140,140,140,140,140,140,140,140,140,140,140,140,140,140,140,140
181,181,181,181,181,181,181,181,181,181,140,140,140,140,140,140,140,140,140,140,140,140,140,140,140,140,140,140,140,140,140,140,140,140,140,140,140,140,140,140,140,140,140,140,140,140,140,140,140,140
181,181,181,181,181,181,181,181,181,181,140,140,140,140,140,140,140,140,140,140,140,140,140,140,140,140,140,140,140,140,140,140,140,140,140,140,140,140,140,140,140,140,140,140,140,140,140,140,140,140
181,181,181,181,181,181,181,181,181,181,140,140,140,140,140,140,140,140,140,140,140,140,140,140,140,140,140,140,140,140,140,140,140,140,140,140,140,140,140,140,140,140,140,140,140,140,140,140,140,140
181,181,181,181,181,181,181,181,181,140,140,140,140,140,140,140,140,140,140,140,140,140,140,140,140,140,140,140,140,140,140,140,140,140,140,140,140,140,140,140,140,140,140,140,140,140,140,140,140,140
181,181,181,181,181,181,181,181,140,140,140,140,140,140,140,140,140,140,140,140,140,140,140,140,140,140,140,140,140,140,140,140,140,140,140,140,140,140,140,140,140,140,140,140,140,140,140,140,140,140
181,181,181,181,181,181,181,181,140,140,140,140,140,140,140,140,140,140,140,140,140,140,140,140,140,140,140,140,140,140,140,140,140,140,140,140,140,140,140,140,140,140,140,140,140,140,140,140,140,140
181,181,181,181,181,181,181,181,140,140,140,140,140,140,140,140,140,140,140,140,140,140,140,140,140,140,140,140,140,140,140,140,140,140,140,140,140,140,140,140,140,140,140,140,140,140,140,140,140,140
[METADATA]
