1592,1592,1592,1592,1592,1592,1592,1592,1592,1592,1592,1592,1592,1592,1592,1592,1592,1592,1592,1592,1592
1592,1592,1592,1592,1592,1592,1592,1592,1592,1592,1592,1592,1592,1592,1592,1592,1592,1592,1592,1592,1592
1592,1592,1592,1592,1592,1592,1592,1592,1592,1592,1592,1592,1592,1592,1592,1592,1592,1592,1592,1592,1592
1592,1592,1592,1592,1592,1592,1592,1592,1592,1592,1592,1592,1592,1592,1592,1592,1592,1592,1592,1592,1592
1592,1592,1592,1592,1592,1592,1592,1592,1592,1592,1592,1592,1592,1592,1592,1592,1592,1592,1592,1592,1592
1592,1592,1592,1592,1592,1592,1592,1592,1592,1592,1592,1592,1592,1592,1592,1592,1592,1592,1592,1592,1592
1592,1592,1592,1592,1592,1592,1592,1592,1592,1592,1592,1592,1592,1592,1592,1592,1592,1592,1592,1592,1592
1592,1592,1592,1592,1592,1592,1592,1592,1592,1592,1592,1592,1592,1592,1592,1592,1592,1592,1592,1592,1592
1592,1592,1592,1592,1592,1592,1592,1592,1592,1592,1592,1592,1592,1592,1592,1592,1592,1592,1592,1592,1592
1592,1592,1592,1592,1592,1592,1592,1592,1592,1592,1592,1592,1592,1592,1592,1592,1592,1592,1592,1592,1592
1592,1592,1592,1592,1592,1592,1592,1592,1592,1592,1592,1592,1592,1592,1592,1592,1592,1592,1592,1592,1592
1592,1592,1592,1592,1592,1592,1592,1592,1592,1592,1592,1592,1592,1592,1592,1592,1592,1592,1592,1592,1592
1592,1592,1592,1592,1592,1592,1592,1592,1592,1592,1592,1592,1592,1592,1592,1592,1592,1592,1592,1592,1592
1592,1592,1592,1592,1592,1592,1592,1592,1592,1592,1592,1592,1592,1592,1592,1592,1592,1592,1592,1592,1592
1592,1592,1592,1592,1592,1592,1592,1592,1592,1592,1592,1592,1592,1592,1592,1592,1592,1592,1592,1592,1592
1592,1592,1592,1592,1592,1592,1592,1592,1592,1592,1592,1592,1592,1592,1592,1592,1592,1592,1592,1592,1592
1592,1592,1592,1592,1592,1592,1592,1592,1592,1592,1592,1592,1592,1592,1592,1592,1592,1592,1592,1592,1592
1592,1592,1592,1592,1592,1592,1592,1592,1592,1592,1592,1592,1592,1592,1592,1592,1592,1592,1592,1592,1592
1592,1592,1592,1592,1592,1592,1592,1592,1592,1592,1592,1592,1592,1592,1592,1592,1592,1592,1592,1592,1592
1592,1592,1592,1592,1592,1592,1592,1592,1592,1592,1592,1592,1592,1592,1592,1592,1592,1592,1592,1592,1592
1592,1592,1592,1454,1592,1592,1592,1592,1592,1592,1592,1592,1592,1592,1592,1592,1592,1592,1592,1592,1592
0,0,1592,1592,1592,1592,0,0,0,0,0,0,0,0,0,0,0,0,0,0,0
0,0,1592,1592,1592,1592,0,0,0,0,0,0,0,0,0,0,0,0,0,0,0
0,0,1592,1592,1592,1592,0,0,0,0,0,0,0,0,0,0,0,0,0,0,0
[METADATA]
